# MTile anim baseline (Plans/ANIMATION_RUNTIME_SIMPLIFICATION_PLAN.md §1)
# regenerate: dotnet run -c Release --project MTile.Bench -- --anim-baseline --save <path>
# date 2026-09-10 18:09Z  reps 3  scale 0.6  dt 0.01667
# commit 71760f1c900990a184be9b54a5881a9267501bf2  dirty=yes
# configs/anim_solver_config.json sha256=99b36034d2672d60310c18febb038a749ae58b7dc18431f177dc178c3539d93a
# configs/movement_config.json sha256=444442ea9a252b4b3c47f5475617595c6e4c677fe91ed397cd41a53b6fd95acb
# solver cfg in effect: TierContact=200 TierHard=470 CorePosePrior=12 PhaseFloorPrior=140 ComWeightY=8 ComWeightX=80
# SkeletonStates/biped sha256=6ab19fc5dd8f9c367fd4a2e9b927af7d739cbedd3828081219af23e1f90da746 (47 clips)  Skeletons/biped.json sha256[..16]=f5b5c422b217c54f
# SkeletonStates/biped_rabbit sha256=e4b595c47527b505d891513eb8806a29dad3856d47ce4b52891a985f57a7f0e4 (45 clips)  Skeletons/biped_rabbit.json sha256[..16]=8340ae76801b93f4
# units: us = animator Update only (per-frame min over reps); solver counters = mean per LM-solve frame;
#   seed_evals derived (11/cadence solve); rate cycles/s, rate_jump cycles/s^2; slip px/frame; tgt_err/pen/dx/dy px;
#   pen = vertical exit depth of any rendered bone tip inside solid terrain (min of up/down);
#   dth rad; foot_acc px/frame^2 (second difference of rendered contact-node tips). Rendered pose placed via RigRoot.
rig	scenario	upd_p50_us	upd_p95_us	upd_p99_us	upd_max_us	alloc_B_mean	alloc_B_max	solve_frac	cad_frac	iters	res_evals	jac_evals	rejected	seed_evals	rows_mean	rows_max	vars	rate_mean	rate_max	rate_jump_max	slip_mean	slip_max	tgt_err_mean	tgt_err_max	pen_max	dx_max	dy_max	dth_max	foot_acc_p99	foot_acc_max	notes
biped	steady run	196.5	387.7	481.4	552.4	0.000	0.000	0.575	0.575	4.087	16.239	5.087	11.152	11.000	50.000	50.000	17.000	1.867	3.916	123.8	0.369	2.063	0.259	1.128	0.227	0.271	3.967	0.181	5.863	7.735	clips=Run:100%
biped	walk-speed (pwm 2/5)	105.9	529.6	599.3	2468.8	0.000	0.000	0.843	0.443	5.016	16.403	5.901	9.984	5.783	49.099	52.000	17.000	0.736	1.928	59.180	1.122	2.671	0.320	0.600	0.951	0.955	5.006	1.081	10.301	14.801	clips=Run:41%,Idle:40%,Walk:19%
biped	accel from rest	214.1	440.8	579.5	582.4	3.200	384.0	0.625	0.625	4.827	17.480	5.800	11.653	11.000	50.000	50.000	17.000	1.927	3.741	112.1	0.332	1.124	0.218	1.127	1.040	0.170	3.113	1.041	4.678	7.042	clips=Run:100%
biped	gradual decel	47.000	314.5	488.8	728.6	20.233	4856.0	0.850	0.175	2.676	7.779	3.657	3.338	2.265	48.431	52.000	17.000	1.360	2.691	81.523	0.484	2.096	0.250	0.885	0.679	0.313	3.620	1.318	8.375	10.486	clips=Idle:68%,Run:31%,Walk:1%
biped	abrupt stop +0	10.230	88.660	250.3	254.4	0.000	0.000	0.477	0.038	2.919	6.403	3.919	1.581	0.887	48.161	50.000	17.000	2.018	3.916	123.8	0.163	0.432	0.069	0.118	0.641	0.124	2.209	1.219	4.410	7.735	release_phase=0.43 clips=Idle:92%,Run:8%
biped	abrupt stop +7	56.140	167.5	292.6	354.9	0.000	0.000	0.685	0.062	3.011	6.517	4.011	1.596	0.989	48.180	50.000	17.000	1.977	2.470	38.696	0.444	2.063	0.259	0.885	0.702	0.183	3.081	0.982	7.572	8.067	release_phase=0.66 clips=Idle:92%,Run:8%
biped	abrupt stop +14	44.840	85.270	327.7	344.9	0.000	0.000	0.962	0.046	2.208	5.464	3.208	1.336	0.528	48.096	50.000	17.000	1.866	2.438	54.817	0.657	2.063	0.108	0.159	0.118	0.140	3.615	1.364	2.546	4.822	release_phase=0.88 clips=Idle:92%,Run:8%
biped	restart while settling	169.0	378.0	462.7	564.3	0.000	0.000	0.582	0.518	4.010	15.455	5.010	10.343	9.778	49.778	50.000	17.000	1.949	3.916	123.8	0.339	1.991	0.264	1.126	0.227	0.286	4.067	1.290	6.064	7.735	clips=Run:94%,Idle:6%
biped	run-walk-run (pwm)	95.610	507.1	558.0	717.7	19.424	4856.0	0.664	0.476	4.410	15.645	5.325	10.006	7.886	49.458	52.000	17.000	1.546	3.003	79.261	0.451	1.995	0.253	1.124	1.769	0.917	5.015	1.126	8.148	15.994	clips=Run:73%,Idle:19%,Walk:8%
biped	single step-up	10.840	403.7	455.3	460.4	0.000	0.000	0.487	0.487	3.986	16.260	4.986	11.274	11.000	50.000	50.000	17.000	1.874	2.984	82.185	0.332	1.989	0.270	1.125	0.096	0.278	4.049	0.147	5.179	7.089	clips=Run:85%,Parkour:15%
biped	stairs run	250.9	789.8	857.2	873.1	29.835	4856.0	0.724	0.647	6.577	17.951	7.333	10.268	9.837	80.634	122.0	17.000	2.107	13.888	803.6	1.054	7.968	1.113	9.170	11.018	4.000	6.274	1.324	12.126	13.251	clips=Run:47%,StepUp:43%,Parkour:10%
biped	stairs slow (pwm 2/4)	301.3	701.2	777.9	854.4	13.708	4856.0	0.862	0.659	6.207	18.154	7.009	10.759	8.414	66.959	118.0	17.000	2.016	15.000	725.5	1.445	10.515	2.160	9.664	6.856	3.240	11.216	1.927	13.755	18.998	clips=Run:33%,StepUp:31%,Idle:17%,Walk:14%,Land:4%,WallSlide:1%
biped	low ceiling corridor	272.7	701.3	824.4	884.4	0.648	216.0	0.962	0.171	6.183	15.037	7.144	7.032	1.960	120.1	132.0	17.000	1.388	4.141	179.0	0.958	5.017	5.981	12.848	16.150	4.000	14.582	1.360	7.544	13.028	clips=DuckUnder:79%,CrouchWalk:12%,Run:9% lowceil=93%
biped	support loss (ledge)	192.7	397.9	458.3	465.0	0.000	0.000	0.593	0.593	3.921	16.022	4.921	11.101	11.000	50.000	50.000	17.000	1.899	2.984	82.185	0.319	1.989	0.262	1.125	0.096	0.278	4.049	0.147	4.664	5.179	clips=Run:100%
biped	thin platform run	309.7	596.0	612.5	615.8	0.000	0.000	0.792	0.492	8.116	20.947	8.668	11.737	6.832	58.526	64.000	17.000	1.720	14.529	778.8	1.158	8.814	6.142	36.108	10.968	4.000	23.116	2.960	10.793	17.394	clips=Run:100%
biped	slash while running	192.4	408.2	481.7	515.1	0.000	0.000	0.563	0.563	4.104	17.163	5.104	12.059	11.000	50.000	50.000	17.000	1.832	3.202	122.0	0.375	1.983	0.271	1.127	0.169	0.273	4.003	0.253	5.190	7.268	clips=Run:100% actions=GroundSlash1,RecoveryAction,GroundSlash2,GroundSlash3
biped_rabbit	steady run	324.3	634.3	716.8	747.0	0.000	0.000	0.604	0.604	4.076	16.069	5.069	10.993	11.000	62.000	62.000	21.000	1.635	3.929	128.1	0.281	1.425	0.257	1.121	0.002	0.403	4.579	0.204	6.054	7.759	clips=Run:100%
biped_rabbit	walk-speed (pwm 2/5)	149.3	758.6	816.5	867.2	0.000	0.000	0.810	0.410	4.383	14.971	5.325	9.128	5.568	61.111	64.000	21.000	0.763	2.042	0.000	0.971	2.480	0.000	0.000	0.288	0.463	4.339	1.051	9.493	10.776	clips=Run:41%,Idle:40%,Walk:19%
biped_rabbit	accel from rest	374.3	693.4	795.5	858.7	3.200	384.0	0.675	0.675	5.432	18.123	6.407	11.691	11.000	62.000	62.000	21.000	1.801	4.040	129.5	0.264	1.455	0.208	1.086	1.217	0.406	4.590	1.037	6.859	7.495	clips=Run:100%
biped_rabbit	gradual decel	69.980	506.1	732.1	763.4	0.233	56.000	0.850	0.175	2.603	8.025	3.598	3.657	2.265	60.412	62.000	21.000	1.307	3.030	90.057	0.388	2.010	0.248	1.116	2.558	0.290	3.554	1.284	9.139	13.523	clips=Idle:68%,Run:31%,Walk:1%
biped_rabbit	abrupt stop +0	69.140	374.0	428.5	623.1	0.000	0.000	0.500	0.077	3.154	7.262	4.154	2.262	1.692	60.308	62.000	21.000	1.751	2.829	48.065	0.244	0.957	0.318	1.074	2.733	0.403	4.579	0.976	8.633	9.544	release_phase=0.59 clips=Idle:92%,Run:8%
biped_rabbit	abrupt stop +7	89.530	280.5	442.5	469.9	0.000	0.000	0.677	0.054	2.989	6.136	3.989	1.227	0.875	60.159	62.000	21.000	2.351	3.030	90.057	0.364	0.957	0.458	1.074	0.681	0.403	4.579	1.366	3.250	4.553	release_phase=0.87 clips=Idle:92%,Run:8%
biped_rabbit	abrupt stop +14	70.420	323.1	570.7	605.4	0.000	0.000	0.977	0.085	2.205	6.339	3.205	2.260	0.953	60.173	62.000	21.000	1.675	3.030	90.057	0.256	1.033	0.210	1.103	1.931	0.163	3.539	0.457	3.609	5.426	release_phase=0.07 clips=Idle:92%,Run:8%
biped_rabbit	restart while settling	266.1	561.5	640.4	768.5	0.000	0.000	0.635	0.576	4.565	16.602	5.556	10.944	9.981	61.815	62.000	21.000	1.596	3.703	118.7	0.279	1.620	0.265	1.086	2.733	0.403	4.579	0.976	8.633	9.544	clips=Run:94%,Idle:6%
biped_rabbit	run-walk-run (pwm)	221.6	568.7	646.7	691.3	0.224	56.000	0.676	0.512	4.521	15.592	5.467	9.846	8.331	61.562	64.000	21.000	1.570	3.663	117.3	0.362	2.409	0.260	1.097	1.886	0.437	4.529	1.011	9.281	10.156	clips=Run:73%,Idle:19%,Walk:8%
biped_rabbit	single step-up	223.4	554.9	633.2	700.4	0.000	0.000	0.507	0.507	4.579	16.763	5.579	11.184	11.000	62.000	62.000	21.000	1.625	3.896	127.0	0.265	1.391	0.250	1.126	0.027	0.509	4.546	1.593	5.415	9.485	clips=Run:85%,Parkour:15%
biped_rabbit	stairs run	271.5	1017.6	3175.2	5027.3	35.012	5736.0	0.706	0.541	6.100	18.350	6.958	11.033	8.433	97.950	152.0	21.000	2.697	15.000	549.4	0.710	4.376	0.652	13.542	10.965	4.000	15.334	1.154	11.117	15.493	clips=Run:47%,StepUp:43%,Parkour:10%
biped_rabbit	stairs slow (pwm 2/4)	326.4	1052.9	1174.0	1387.2	16.086	5736.0	0.795	0.527	5.367	16.912	6.269	10.235	7.296	83.293	154.0	21.000	1.311	11.252	533.2	1.036	5.477	0.728	5.507	9.634	2.239	8.671	1.929	10.557	14.512	clips=Run:33%,StepUp:31%,Idle:17%,Walk:14%,Land:4%,WallSlide:1%
biped_rabbit	low ceiling corridor	391.1	1027.8	1451.5	1518.4	0.648	216.0	0.967	0.176	5.746	14.394	6.709	6.840	2.005	145.1	186.0	21.000	1.513	13.378	787.8	0.822	8.040	2.578	11.928	6.400	4.000	12.371	2.016	7.141	9.074	clips=DuckUnder:79%,CrouchWalk:12%,Run:9% lowceil=93%
biped_rabbit	support loss (ledge)	319.8	675.7	715.0	754.5	0.000	0.000	0.627	0.627	4.479	16.191	5.457	10.713	11.000	62.000	62.000	21.000	1.661	3.896	127.0	0.252	1.391	0.244	1.116	0.003	0.393	4.546	0.201	6.121	6.951	clips=Run:100%
biped_rabbit	thin platform run	322.2	644.4	774.1	834.9	0.000	0.000	0.604	0.604	4.248	16.690	5.241	11.441	11.000	62.000	62.000	21.000	1.663	3.803	136.8	0.281	1.357	0.260	1.136	0.181	0.381	4.447	0.192	6.057	8.909	clips=Run:100%
biped_rabbit	slash while running	306.2	578.2	709.2	839.4	0.000	0.000	0.604	0.604	4.090	16.021	5.090	10.931	11.000	62.000	62.000	21.000	1.635	4.261	142.5	0.286	1.513	0.258	1.146	0.002	0.402	4.671	0.271	5.854	8.189	clips=Run:100% actions=GroundSlash1,RecoveryAction,GroundSlash2,GroundSlash3
