# MTile anim baseline (Plans/ANIMATION_RUNTIME_SIMPLIFICATION_PLAN.md §1)
# regenerate: dotnet run -c Release --project MTile.Bench -- --anim-baseline --save <path>
# date 2026-09-10 18:09Z  reps 3  scale 0.6  dt 0.01667
# commit 71760f1c900990a184be9b54a5881a9267501bf2  dirty=yes
# configs/anim_solver_config.json sha256=99b36034d2672d60310c18febb038a749ae58b7dc18431f177dc178c3539d93a
# configs/movement_config.json sha256=444442ea9a252b4b3c47f5475617595c6e4c677fe91ed397cd41a53b6fd95acb
# solver cfg in effect: TierContact=200 TierHard=470 CorePosePrior=12 PhaseFloorPrior=140 ComWeightY=8 ComWeightX=80
# SkeletonStates/biped sha256=6ab19fc5dd8f9c367fd4a2e9b927af7d739cbedd3828081219af23e1f90da746 (47 clips)  Skeletons/biped.json sha256[..16]=f5b5c422b217c54f
# SkeletonStates/biped_rabbit sha256=e4b595c47527b505d891513eb8806a29dad3856d47ce4b52891a985f57a7f0e4 (45 clips)  Skeletons/biped_rabbit.json sha256[..16]=8340ae76801b93f4
# units: us = animator Update only (per-frame min over reps); solver counters = mean per LM-solve frame;
#   seed_evals derived (11/cadence solve); rate cycles/s, rate_jump cycles/s^2; slip px/frame; tgt_err/pen/dx/dy px;
#   pen = vertical exit depth of any rendered bone tip inside solid terrain (min of up/down);
#   dth rad; foot_acc px/frame^2 (second difference of rendered contact-node tips). Rendered pose placed via RigRoot.
rig	scenario	upd_p50_us	upd_p95_us	upd_p99_us	upd_max_us	alloc_B_mean	alloc_B_max	solve_frac	cad_frac	iters	res_evals	jac_evals	rejected	seed_evals	rows_mean	rows_max	vars	rate_mean	rate_max	rate_jump_max	slip_mean	slip_max	tgt_err_mean	tgt_err_max	pen_max	dx_max	dy_max	dth_max	foot_acc_p99	foot_acc_max	notes
biped	steady run	182.9	455.5	558.5	600.3	0.000	0.000	0.504	0.504	4.802	17.207	5.760	11.405	11.000	50.000	50.000	17.000	1.603	2.535	92.599	0.266	1.707	0.168	0.586	0.012	0.572	4.653	0.129	4.545	5.106	clips=Run:100%
biped	walk-speed (pwm 2/5)	110.8	528.4	558.5	580.4	0.000	0.000	0.830	0.430	5.305	16.518	6.153	9.815	5.699	49.084	52.000	17.000	0.713	1.871	13.009	1.186	2.566	0.020	0.020	0.715	0.947	5.026	1.076	7.775	14.096	clips=Run:41%,Idle:40%,Walk:19%
biped	accel from rest	216.0	454.6	521.8	570.5	3.200	384.0	0.583	0.583	5.257	17.943	6.200	11.686	11.000	50.000	50.000	17.000	1.798	4.841	260.9	0.294	3.348	0.191	3.614	1.711	0.565	4.574	1.041	4.266	4.922	clips=Run:100%
biped	gradual decel	45.729	352.1	511.3	517.4	20.233	4856.0	0.850	0.179	2.711	7.770	3.691	3.299	2.319	48.441	52.000	17.000	1.332	2.304	70.021	0.351	2.400	0.201	0.848	2.186	0.799	4.869	1.296	8.110	17.286	clips=Idle:68%,Run:31%,Walk:1%
biped	abrupt stop +0	43.870	221.0	421.2	456.2	0.000	0.000	0.500	0.062	3.231	7.677	4.231	2.585	1.354	48.246	50.000	17.000	1.676	2.432	85.545	0.134	0.617	0.111	0.252	0.641	0.201	2.692	1.342	3.065	4.934	release_phase=0.52 clips=Idle:92%,Run:8%
biped	abrupt stop +7	57.160	89.240	395.3	475.5	0.000	0.000	0.662	0.038	3.140	6.221	4.140	1.151	0.640	48.116	50.000	17.000	1.792	2.174	50.560	0.115	0.242	0.269	0.583	0.773	0.567	4.590	0.984	6.679	7.049	release_phase=0.72 clips=Idle:92%,Run:8%
biped	abrupt stop +14	45.411	86.760	258.6	259.4	0.000	0.000	0.962	0.046	2.136	5.608	3.136	1.616	0.528	48.096	50.000	17.000	1.822	2.293	36.090	0.213	0.817	0.049	0.062	0.048	0.209	3.615	1.363	2.108	2.841	release_phase=0.94 clips=Idle:92%,Run:8%
biped	restart while settling	57.900	445.7	499.3	555.8	0.000	0.000	0.512	0.447	4.644	16.678	5.621	10.920	9.609	49.747	50.000	17.000	1.489	2.510	90.978	0.269	2.462	0.160	0.585	0.114	0.572	4.670	1.342	4.783	5.996	clips=Run:94%,Idle:6%
biped	run-walk-run (pwm)	109.0	499.7	547.0	656.9	19.424	4856.0	0.632	0.464	5.595	17.646	6.449	10.823	8.076	49.494	52.000	17.000	1.427	2.957	113.4	0.429	2.529	0.152	0.608	2.698	0.982	4.670	1.272	7.701	17.509	clips=Run:73%,Idle:19%,Walk:8%
biped	single step-up	9.660	414.7	499.8	522.4	0.000	0.000	0.433	0.433	5.508	18.523	6.400	12.015	11.000	50.000	50.000	17.000	1.593	2.514	86.797	0.265	2.312	0.169	0.586	0.011	0.572	4.661	0.128	5.210	6.730	clips=Run:85%,Parkour:15%
biped	stairs run	241.5	746.5	766.6	845.1	29.835	4856.0	0.659	0.588	7.134	19.027	7.857	10.795	9.821	82.750	120.0	17.000	2.129	15.000	870.0	1.085	8.452	0.979	9.103	10.888	4.000	6.838	1.314	12.196	15.334	clips=Run:47%,StepUp:43%,Parkour:10%
biped	stairs slow (pwm 2/4)	254.9	628.6	726.5	776.0	13.708	4856.0	0.881	0.646	6.043	17.690	6.837	10.445	8.064	67.460	122.0	17.000	1.508	12.228	477.2	1.394	7.599	2.106	9.663	6.137	3.170	11.443	1.927	13.597	17.272	clips=Run:33%,StepUp:31%,Idle:17%,Walk:14%,Land:4%,WallSlide:1%
biped	low ceiling corridor	277.3	651.0	777.1	845.4	0.648	216.0	0.960	0.164	6.156	14.625	7.119	6.643	1.883	122.1	146.0	17.000	1.502	5.580	182.9	0.913	4.482	6.146	21.628	17.395	4.000	14.980	1.382	6.139	8.246	clips=DuckUnder:79%,CrouchWalk:12%,Run:9% lowceil=93%
biped	support loss (ledge)	187.6	435.7	517.1	523.5	0.000	0.000	0.520	0.520	5.321	18.462	6.231	12.141	11.000	50.000	50.000	17.000	1.629	2.514	88.600	0.244	1.681	0.162	0.586	0.012	0.572	4.661	0.129	4.804	4.894	clips=Run:100%
biped	thin platform run	557.8	601.7	635.4	662.5	0.000	0.000	1.000	1.000	8.396	21.321	8.825	11.925	11.000	64.000	64.000	17.000	1.643	15.000	869.4	1.232	4.687	20.652	23.216	10.990	4.000	24.000	1.580	13.070	13.161	clips=Run:100%
biped	slash while running	186.1	449.3	496.2	543.4	0.000	0.000	0.508	0.508	5.066	17.689	6.000	11.623	11.000	50.000	50.000	17.000	1.594	2.729	101.1	0.295	2.687	0.176	0.619	0.011	0.584	4.826	0.354	4.545	5.631	clips=Run:100% actions=GroundSlash1,RecoveryAction,GroundSlash2,GroundSlash3
biped_rabbit	steady run	272.6	662.5	774.3	816.6	0.000	0.000	0.550	0.550	4.795	17.455	5.780	11.659	11.000	62.000	62.000	21.000	1.473	2.910	115.7	0.273	2.060	0.169	0.635	0.005	0.641	4.968	0.098	7.735	8.504	clips=Run:100%
biped_rabbit	walk-speed (pwm 2/5)	169.2	755.1	797.6	835.3	0.000	0.000	0.843	0.443	5.087	16.063	6.040	9.530	5.783	61.186	64.000	21.000	0.740	1.574	10.429	0.997	2.463	0.000	0.000	0.242	0.495	4.331	1.058	10.444	10.811	clips=Run:41%,Idle:40%,Walk:19%
biped_rabbit	accel from rest	367.5	736.6	837.7	844.8	3.200	384.0	0.675	0.675	5.358	17.852	6.358	11.494	11.000	62.000	62.000	21.000	1.644	2.942	59.923	0.216	2.201	0.099	0.532	0.089	0.481	4.497	1.041	4.548	5.342	clips=Run:100%
biped_rabbit	gradual decel	70.550	523.4	746.0	816.3	0.233	56.000	0.817	0.163	2.852	8.459	3.837	3.842	2.189	60.398	62.000	21.000	1.171	2.762	122.3	0.458	2.067	0.170	0.557	2.100	0.490	4.340	1.335	7.985	12.886	clips=Idle:68%,Run:31%,Walk:1%
biped_rabbit	abrupt stop +0	48.480	316.4	581.0	638.8	0.000	0.000	0.500	0.069	3.015	6.908	4.015	2.031	1.523	60.277	62.000	21.000	1.685	2.531	58.817	0.179	1.016	0.052	0.090	0.653	0.111	1.894	1.290	2.357	6.575	release_phase=0.00 clips=Idle:92%,Run:8%
biped_rabbit	abrupt stop +7	89.840	267.4	622.8	747.0	0.000	0.000	0.646	0.054	3.202	6.464	4.190	1.357	0.917	60.167	62.000	21.000	1.296	2.026	73.275	0.372	2.059	0.207	0.557	0.757	0.490	4.340	0.312	5.261	7.349	release_phase=0.14 clips=Idle:92%,Run:8%
biped_rabbit	abrupt stop +14	70.550	108.6	175.7	179.6	0.000	0.000	0.900	0.000	2.162	4.940	3.162	0.786	0.000	60.000	60.000	21.000	0.988	0.988	0.000	0.000	0.000	0.000	0.000	0.523	0.280	3.538	0.551	4.027	5.025	release_phase=0.26 clips=Idle:92%,Run:8%
biped_rabbit	restart while settling	74.811	612.6	734.5	783.5	0.000	0.000	0.541	0.476	4.620	15.815	5.587	10.076	9.685	61.761	62.000	21.000	1.350	3.862	130.1	0.273	2.138	0.152	0.643	0.097	0.651	5.020	1.290	7.523	8.503	clips=Run:94%,Idle:6%
biped_rabbit	run-walk-run (pwm)	223.4	655.7	735.8	759.5	0.224	56.000	0.696	0.504	5.178	17.126	6.109	10.684	7.966	61.506	64.000	21.000	1.388	3.680	113.0	0.407	2.393	0.140	0.623	0.267	0.624	4.889	1.341	8.874	10.775	clips=Run:73%,Idle:19%,Walk:8%
biped_rabbit	single step-up	223.1	598.1	687.4	695.1	0.000	0.000	0.507	0.507	5.303	18.053	6.224	11.750	11.000	62.000	62.000	21.000	1.459	3.328	119.4	0.323	2.639	0.154	0.641	1.103	0.649	4.998	1.037	8.522	9.797	clips=Run:85%,Parkour:15%
biped_rabbit	stairs run	355.6	954.8	1039.4	5247.4	35.012	5736.0	0.747	0.635	7.465	19.150	8.181	10.559	9.354	93.213	152.0	21.000	3.053	12.873	562.9	0.822	10.064	1.125	9.631	10.955	4.000	20.128	1.749	16.472	20.478	clips=Run:47%,StepUp:43%,Parkour:10%
biped_rabbit	stairs slow (pwm 2/4)	316.5	1039.7	1178.9	1271.7	16.086	5736.0	0.786	0.522	5.770	17.405	6.667	10.320	7.296	85.952	154.0	21.000	1.321	13.770	421.7	1.063	4.423	0.798	5.641	9.765	2.244	8.899	1.922	10.601	12.967	clips=Run:33%,StepUp:31%,Idle:17%,Walk:14%,Land:4%,WallSlide:1%
biped_rabbit	low ceiling corridor	397.1	1105.6	1300.6	1343.2	0.648	216.0	0.960	0.169	5.873	14.685	6.826	7.002	1.938	145.5	172.0	21.000	1.013	3.315	91.190	0.728	11.307	2.799	11.224	10.757	4.000	12.116	2.511	5.703	10.779	clips=DuckUnder:79%,CrouchWalk:12%,Run:9% lowceil=93%
biped_rabbit	support loss (ledge)	315.2	689.5	805.0	854.2	0.000	0.000	0.573	0.573	5.174	18.070	6.116	11.895	11.000	62.000	62.000	21.000	1.419	3.328	119.4	0.297	2.351	0.153	0.641	0.009	0.649	4.998	0.206	8.005	8.669	clips=Run:100%
biped_rabbit	thin platform run	408.5	880.9	903.8	970.2	0.000	0.000	0.804	0.792	7.026	18.378	7.674	10.342	10.829	74.280	80.000	21.000	1.693	15.000	869.5	1.218	10.142	13.320	26.873	10.992	4.000	24.000	1.895	14.814	17.209	clips=Run:100%
biped_rabbit	slash while running	274.6	668.5	770.0	786.7	0.000	0.000	0.575	0.575	4.993	17.681	5.957	11.688	11.000	62.000	62.000	21.000	1.484	3.261	115.7	0.315	2.386	0.166	0.813	0.007	0.890	5.809	0.249	7.453	8.504	clips=Run:100% actions=GroundSlash1,RecoveryAction,GroundSlash2,GroundSlash3
