# MTile anim baseline (Plans/ANIMATION_RUNTIME_SIMPLIFICATION_PLAN.md §1)
# regenerate: dotnet run -c Release --project MTile.Bench -- --anim-baseline --save <path>
# date 2026-09-10 20:59Z  reps 3  scale 0.6  dt 0.01667
# commit 582cbceec77699ea476a12a47a8e1ca990084dbe  dirty=yes
# configs/anim_solver_config.json sha256=99b36034d2672d60310c18febb038a749ae58b7dc18431f177dc178c3539d93a
# configs/movement_config.json sha256=444442ea9a252b4b3c47f5475617595c6e4c677fe91ed397cd41a53b6fd95acb
# solver cfg in effect: TierContact=200 TierHard=470 CorePosePrior=12 PhaseFloorPrior=140 ComWeightY=8 ComWeightX=80
# SkeletonStates/biped sha256=6ab19fc5dd8f9c367fd4a2e9b927af7d739cbedd3828081219af23e1f90da746 (47 clips)  Skeletons/biped.json sha256[..16]=f5b5c422b217c54f
# SkeletonStates/biped_rabbit sha256=e4b595c47527b505d891513eb8806a29dad3856d47ce4b52891a985f57a7f0e4 (45 clips)  Skeletons/biped_rabbit.json sha256[..16]=8340ae76801b93f4
# units: us = animator Update only (per-frame min over reps); solver counters = mean per LM-solve frame;
#   seed_evals derived (11/cadence solve); rate cycles/s, rate_jump cycles/s^2; slip px/frame; tgt_err/pen/dx/dy px;
#   pen = vertical exit depth of any rendered bone tip inside solid terrain (min of up/down);
#   dth rad; foot_acc px/frame^2 (second difference of rendered contact-node tips). Rendered pose placed via RigRoot.
rig	scenario	upd_p50_us	upd_p95_us	upd_p99_us	upd_max_us	alloc_B_mean	alloc_B_max	solve_frac	cad_frac	iters	res_evals	jac_evals	rejected	seed_evals	rows_mean	rows_max	vars	rate_mean	rate_max	rate_jump_max	slip_mean	slip_max	tgt_err_mean	tgt_err_max	pen_max	dx_max	dy_max	dth_max	foot_acc_p99	foot_acc_max	notes
biped	steady run	161.9	361.1	446.7	534.5	0.000	0.000	0.621	0.621	3.839	15.919	4.839	11.081	0.000	50.000	50.000	17.000	2.376	2.380	0.312	0.311	2.565	0.087	0.377	0.032	0.300	3.555	0.172	4.696	5.200	clips=Run:100%
biped	walk-speed (pwm 2/5)	113.7	425.5	467.7	494.4	0.000	0.000	0.840	0.440	4.079	14.671	5.079	9.179	0.000	49.095	52.000	17.000	2.049	2.096	69.775	1.000	2.451	0.132	0.132	0.224	0.596	4.400	1.075	10.046	15.055	clips=Run:41%,Idle:40%,Walk:19%
biped	accel from rest	181.1	386.4	504.2	511.8	45.800	5496.0	0.633	0.633	3.974	15.895	4.961	10.921	0.000	50.000	50.000	17.000	2.295	2.380	6.063	0.225	2.085	0.069	0.299	0.096	0.272	3.039	1.041	4.210	4.456	clips=Run:100%
biped	gradual decel	45.570	252.2	374.0	691.1	40.900	9816.0	0.879	0.204	2.569	7.711	3.569	3.384	0.000	48.483	52.000	17.000	2.117	2.380	69.779	0.386	2.192	0.104	0.377	0.195	0.565	3.620	1.347	6.742	8.584	clips=Idle:68%,Run:31%,Walk:1%
biped	abrupt stop +0	11.190	148.3	345.7	366.3	0.000	0.000	0.492	0.054	3.016	6.953	4.016	2.063	0.000	48.219	50.000	17.000	2.270	2.380	69.774	0.529	1.486	0.084	0.145	0.641	0.208	2.125	1.126	3.430	4.647	release_phase=0.39 clips=Idle:92%,Run:8%
biped	abrupt stop +7	55.440	151.4	367.3	382.5	0.000	0.000	0.677	0.054	3.045	6.375	4.045	1.420	0.000	48.159	50.000	17.000	2.270	2.377	69.777	0.284	1.202	0.155	0.377	0.870	0.296	3.528	0.979	7.561	8.192	release_phase=0.66 clips=Idle:92%,Run:8%
biped	abrupt stop +14	45.870	86.270	311.5	401.5	0.000	0.000	0.962	0.046	2.168	5.912	3.168	1.872	0.000	48.096	50.000	17.000	2.270	2.380	69.777	0.229	1.044	0.042	0.061	0.048	0.212	3.615	1.362	2.133	4.488	release_phase=0.94 clips=Idle:92%,Run:8%
biped	restart while settling	154.8	357.1	437.7	515.1	0.000	0.000	0.635	0.571	3.685	14.769	4.676	9.991	0.000	49.796	50.000	17.000	2.366	2.380	69.774	0.326	1.578	0.093	0.375	0.087	0.354	3.532	1.211	4.724	5.217	clips=Run:94%,Idle:6%
biped	run-walk-run (pwm)	152.5	387.1	485.8	739.8	39.264	9816.0	0.704	0.528	3.881	14.585	4.875	9.477	0.000	49.523	52.000	17.000	2.282	2.380	69.777	0.369	2.444	0.081	0.371	1.048	0.587	4.359	1.015	7.603	9.530	clips=Run:73%,Idle:19%,Walk:8%
biped	single step-up	153.0	323.0	364.1	448.6	0.000	0.000	0.527	0.527	3.468	14.949	4.468	10.481	0.000	50.000	50.000	17.000	2.363	2.380	2.624	0.300	1.831	0.094	0.380	0.834	0.290	3.626	0.173	5.146	7.772	clips=Run:85%,Parkour:15%
biped	stairs run	204.0	655.3	792.6	869.5	60.282	9816.0	0.741	0.671	4.960	16.119	5.881	10.063	0.000	78.857	120.0	17.000	3.884	5.629	91.165	0.956	4.058	0.655	9.653	11.104	4.000	5.140	1.405	9.552	10.367	clips=Run:47%,StepUp:43%,Parkour:10%
biped	stairs slow (pwm 2/4)	220.0	532.3	697.0	826.3	27.459	9728.0	0.819	0.608	4.964	16.175	5.944	10.003	0.000	66.759	108.0	17.000	2.770	5.766	218.8	1.073	8.625	0.508	2.161	9.858	3.498	9.902	2.143	13.657	17.618	clips=Run:33%,StepUp:31%,Idle:17%,Walk:14%,Land:4%,WallSlide:1%
biped	low ceiling corridor	279.3	461.0	676.2	912.5	12.762	4928.0	0.974	0.174	5.814	14.381	6.809	6.758	0.000	121.7	136.0	17.000	3.068	5.552	42.902	0.718	8.461	6.068	14.320	15.631	2.033	14.474	1.349	5.614	7.261	clips=DuckUnder:79%,CrouchWalk:12%,Run:9% lowceil=93%
biped	support loss (ledge)	155.2	352.9	464.3	471.5	0.000	0.000	0.613	0.613	3.609	15.511	4.609	10.902	0.000	50.000	50.000	17.000	2.376	2.380	0.312	0.269	1.557	0.094	0.380	0.025	0.292	3.626	0.173	4.663	5.146	clips=Run:100%
biped	thin platform run	521.8	579.0	600.4	620.4	0.000	0.000	1.000	0.621	9.154	21.650	9.617	11.125	0.000	63.242	64.000	17.000	2.376	2.380	0.312	1.140	6.039	21.486	23.879	10.998	1.182	24.000	1.304	6.499	6.683	clips=Run:100%
biped	slash while running	164.4	360.2	411.7	437.5	0.000	0.000	0.617	0.617	3.608	15.399	4.608	10.791	0.000	50.000	50.000	17.000	2.369	2.391	19.083	0.295	1.705	0.093	0.373	0.034	0.304	3.677	0.332	4.852	5.236	clips=Run:100% actions=GroundSlash1,RecoveryAction,GroundSlash2,GroundSlash3
biped_rabbit	steady run	273.7	628.2	744.7	866.5	0.000	0.000	0.617	0.617	4.392	16.014	5.358	10.622	0.000	62.000	62.000	21.000	1.860	1.863	0.244	0.359	2.329	0.147	0.478	0.042	0.369	3.243	0.141	6.079	7.337	clips=Run:100%
biped_rabbit	walk-speed (pwm 2/5)	164.8	594.8	699.2	829.5	0.000	0.000	0.853	0.453	3.914	13.820	4.914	8.469	0.000	61.164	64.000	21.000	1.604	1.640	54.621	0.992	2.491	0.129	0.182	0.291	0.449	4.312	1.076	10.241	13.072	clips=Run:41%,Idle:40%,Walk:19%
biped_rabbit	accel from rest	276.9	592.4	711.9	749.7	53.133	6376.0	0.617	0.617	4.446	16.014	5.419	10.568	0.000	62.000	62.000	21.000	1.796	1.863	4.746	0.251	1.908	0.137	0.546	0.101	0.493	3.074	1.041	5.522	7.168	clips=Run:100%
biped_rabbit	gradual decel	70.960	391.3	516.7	709.6	24.200	5808.0	0.871	0.200	2.474	7.837	3.474	3.632	0.000	60.469	64.000	21.000	1.658	1.863	54.624	0.352	1.936	0.111	0.426	0.717	0.302	3.547	1.300	7.774	10.644	clips=Idle:68%,Run:31%,Walk:1%
biped_rabbit	abrupt stop +0	8.210	114.3	367.7	600.8	0.000	0.000	0.469	0.038	2.934	6.443	3.934	1.623	0.000	60.164	62.000	21.000	1.777	1.863	54.620	0.856	1.728	0.288	0.323	0.653	0.311	2.845	1.078	3.148	7.217	release_phase=0.35 clips=Idle:92%,Run:8%
biped_rabbit	abrupt stop +7	82.150	275.8	381.9	600.4	0.000	0.000	0.692	0.069	3.033	6.611	4.033	1.689	0.000	60.200	62.000	21.000	1.777	1.860	54.622	0.276	1.300	0.165	0.323	0.681	0.302	2.538	1.347	4.271	7.217	release_phase=0.57 clips=Idle:92%,Run:8%
biped_rabbit	abrupt stop +14	69.920	130.6	391.3	428.2	0.000	0.000	0.946	0.031	2.179	5.642	3.179	1.504	0.000	60.065	62.000	21.000	1.777	1.863	54.622	0.453	1.209	0.138	0.196	0.096	0.117	3.539	1.372	2.514	3.367	release_phase=0.78 clips=Idle:92%,Run:8%
biped_rabbit	restart while settling	241.6	614.7	709.5	879.4	0.000	0.000	0.635	0.571	4.389	16.528	5.361	11.056	0.000	61.796	62.000	21.000	1.852	1.863	54.620	0.373	1.913	0.147	0.461	0.037	0.436	3.141	1.106	6.798	7.366	clips=Run:94%,Idle:6%
biped_rabbit	run-walk-run (pwm)	228.9	614.6	774.0	818.0	23.232	5808.0	0.728	0.536	4.126	15.049	5.115	9.670	0.000	61.527	64.000	21.000	1.787	1.863	54.622	0.462	2.788	0.160	0.524	0.243	0.540	4.267	1.346	9.553	10.231	clips=Run:73%,Idle:19%,Walk:8%
biped_rabbit	single step-up	232.6	595.2	673.9	678.7	0.000	0.000	0.513	0.513	4.286	17.065	5.260	11.779	0.000	62.000	62.000	21.000	1.850	1.863	2.054	0.295	1.811	0.143	0.450	0.038	0.355	3.469	0.900	5.721	7.362	clips=Run:85%,Parkour:15%
biped_rabbit	stairs run	314.4	1051.7	1164.5	1196.8	70.635	11792.0	0.741	0.600	5.429	17.294	6.381	10.706	0.000	94.429	154.0	21.000	3.378	5.128	83.054	0.624	2.683	0.564	9.627	10.931	4.000	12.615	1.553	7.289	13.355	clips=Run:47%,StepUp:43%,Parkour:10%
biped_rabbit	stairs slow (pwm 2/4)	328.7	865.6	1069.1	1276.8	32.454	11576.0	0.843	0.586	4.817	15.849	5.814	9.753	0.000	84.487	136.0	21.000	2.419	5.253	199.4	0.838	3.021	0.321	1.126	9.522	2.444	8.955	2.002	11.748	15.562	clips=Run:33%,StepUp:31%,Idle:17%,Walk:14%,Land:4%,WallSlide:1%
biped_rabbit	low ceiling corridor	384.3	950.5	1300.1	1385.6	14.857	5808.0	0.969	0.179	5.789	14.526	6.762	6.939	0.000	144.1	168.0	21.000	1.506	1.863	8.880	0.675	10.703	1.474	4.999	10.630	4.000	12.708	2.134	5.673	28.385	clips=DuckUnder:79%,CrouchWalk:12%,Run:9% lowceil=93%
biped_rabbit	support loss (ledge)	268.6	578.0	673.4	762.5	0.000	0.000	0.627	0.627	4.181	16.798	5.160	11.617	0.000	62.000	62.000	21.000	1.860	1.863	0.244	0.312	1.811	0.137	0.450	0.038	0.355	3.270	0.137	5.721	7.362	clips=Run:100%
biped_rabbit	thin platform run	777.1	883.5	906.0	958.4	0.000	0.000	1.000	0.617	8.508	19.521	8.958	9.746	0.000	79.233	80.000	21.000	1.860	1.863	0.244	1.290	6.901	22.538	23.969	10.996	1.784	24.000	0.996	6.989	7.821	clips=Run:100%
biped_rabbit	slash while running	236.9	583.1	730.2	758.7	0.000	0.000	0.613	0.613	3.980	15.551	4.966	10.571	0.000	62.000	62.000	21.000	1.855	1.872	14.938	0.358	2.329	0.147	0.475	0.037	0.370	3.793	0.320	6.676	7.337	clips=Run:100% actions=GroundSlash1,RecoveryAction,GroundSlash2,GroundSlash3
